*-*-* BEGIN PART PROBE REPORT *-*-*
Date: 2026-02-17 07:57:26
Part Number: 210825-08
PassFail Enum: 1
V1: 2.1602
V2: 2.1056
V3: 2.1642
V4: 2.1835
V5: 2.2434
V6: 2.1757
V9: 4.2813
V78: 4.00281
*-*-* END PART PROBE REPORT *-*-*

*-*-* BEGIN PART PROBE REPORT *-*-*
Date: 2026-02-17 08:53:15
Part Number: 210825-08
PassFail Enum: 1
V1: 2.1569
V2: 2.117
V3: 2.1652
V4: 2.1761
V5: 2.2142
V6: 2.1628
V9: 4.2798
V78: 4.00361
*-*-* END PART PROBE REPORT *-*-*
